(NC_019843.:0.43938,(((NC_045512.:0.01776,MN996532.1:0.02173):0.06794,
MT072864.1:0.08533):0.06337,NC_004718.:0.11358):0.31392,
MH938450.1:0.60826);
